72
0.0 14.6749 0.0 12.7089 0.0 12.8
C -0.042 4.241 3.199
C -0.038 1.415 3.198
C 0.0 0.0 3.199
C 0.003 5.65 3.2
C 0.037 9.87 3.201
C 0.061 8.457 3.202
C 1.159 3.502 3.2
C 1.177 2.087 3.199
C 1.21 11.951 3.199
C 1.259 6.321 3.201
C 1.264 10.538 3.2
C 1.29 7.729 3.201
C 2.371 1.322 3.2
C 2.383 4.176 3.202
C 2.423 -0.082 3.199
C 2.48 5.592 3.202
C 2.497 9.806 3.2
C 2.547 8.39 3.2
C 3.528 3.379 3.203
C 3.577 1.99 3.202
C 3.652 11.913 3.199
C 3.711 10.507 3.199
C 3.764 6.241 3.202
C 3.805 7.673 3.2
C 4.738 3.992 3.206
C 4.806 1.291 3.203
C 4.854 -0.085 3.2
C 4.934 5.39 3.204
C 4.966 9.835 3.198
C 5.047 8.408 3.197
C 5.949 3.297 3.206
C 6.03 1.953 3.204
C 6.116 12.01 3.2
C 6.15 10.626 3.197
C 6.394 7.861 3.196
C 6.391 5.454 3.205
C 7.069 6.576 3.195
C 7.065 4.169 3.204
C 7.309 1.403 3.203
C 7.344 0.019 3.2
C 7.43 10.076 3.197
C 7.511 8.733 3.194
C 8.412 3.622 3.203
C 8.494 2.194 3.203
C 8.526 6.641 3.197
C 8.605 12.114 3.2
C 8.655 10.738 3.197
C 8.722 8.038 3.195
C 9.654 4.357 3.201
C 9.696 5.789 3.198
C 9.748 1.523 3.201
C 9.808 0.117 3.2
C 9.885 10.04 3.198
C 9.933 8.651 3.197
C 10.911 3.64 3.2
C 10.962 2.224 3.201
C 10.98 6.438 3.198
C 11.037 12.112 3.2
C 11.078 7.854 3.198
C 11.091 10.708 3.199
C 12.167 4.301 3.199
C 12.194 1.494 3.2
C 12.2 5.708 3.199
C 12.247 0.082 3.2
C 12.288 9.945 3.2
C 12.302 8.528 3.2
C 13.395 3.573 3.199
C 13.421 2.162 3.199
C 13.457 6.375 3.2
C 13.458 12.037 3.2
C 13.503 10.622 3.201
C 13.5 7.784 3.201
